  69 246 125 0.75 roi_01_
  52 230  94 0.75 roi_02_
 112 198 160 0.75 roi_03_
 113 267 141 0.75 roi_04_
  67 174 152 0.75 roi_05_
  71 162 162 0.75 roi_06_
  48 141 138 0.75 roi_07_
  81 133 159 0.75 roi_08_
  88 104 153 0.75 roi_09_
 121 166 139 0.75 roi_10_
 110 132 103 0.75 roi_11_
  35 110  92 0.75 roi_12_
  56 185  35 0.75 roi_13_
  52 217  34 0.75 roi_14_
 106 226  76 0.75 roi_15_
 100 234 107 0.75 roi_16_
  78 198  95 0.75 roi_17_
 164 184  43 0.75 roi_18_
  82 200  41 0.75 roi_19_
 115 184  60 0.75 roi_20_
 110 161  61 0.75 roi_21_
